19 0.631667 0.509524 0.033333 0.152381
21 0.826667 0.511905 0.036667 0.147619
16 0.301667 0.514286 0.030000 0.161905
17 0.499167 0.514286 0.038333 0.152381
15 0.239167 0.514286 0.038333 0.152381
14 0.174167 0.502381 0.031667 0.147619
12 0.044167 0.507143 0.035000 0.147619
11 0.956667 0.209524 0.033333 0.152381
3 0.369167 0.207143 0.025000 0.147619
2 0.304167 0.209524 0.041667 0.142857
26 0.369167 0.788095 0.035000 0.176190
24 0.171667 0.771429 0.033333 0.171429
1 0.236667 0.202381 0.040000 0.147619
0 0.169167 0.204762 0.031667 0.142857
29 0.109167 0.207143 0.031667 0.147619
18 0.564167 0.509524 0.038333 0.152381
10 0.891667 0.216667 0.033333 0.157143
9 0.826667 0.207143 0.033333 0.147619
8 0.698050 0.204095 0.033333 0.128571
13 0.106667 0.473810 0.026667 0.119048
7 0.631667 0.207143 0.036667 0.138095
20 0.694300 0.503000 0.035000 0.128571
22 0.041667 0.790238 0.033333 0.147619
6 0.564167 0.207143 0.038333 0.157143
23 0.106217 0.796190 0.035000 0.157143
5 0.500000 0.202381 0.030000 0.147619
25 0.239217 0.798810 0.036667 0.142857
4 0.436667 0.211905 0.036667 0.147619
27 0.431617 0.788429 0.035000 0.147619
28 0.499167 0.793857 0.038333 0.157143
