2 0.173103 0.314338 0.087883 0.133578
5 0.685087 0.315564 0.086551 0.123775
6 0.659787 0.680147 0.091877 0.164216
2 0.448069 0.507353 0.091877 0.149510
7 0.594541 0.314951 0.081225 0.127451
7 0.434088 0.680147 0.090546 0.164216
13 0.360186 0.313725 0.089214 0.132353
5 0.766312 0.678922 0.097204 0.164216
5 0.537284 0.678922 0.091877 0.166667
6 0.796272 0.316176 0.082557 0.129902
29 0.547270 0.504289 0.087883 0.150735
13 0.648469 0.503676 0.098535 0.151961
5 0.894807 0.316789 0.093209 0.131127
1 0.332224 0.681985 0.094541 0.160539
1 0.501997 0.315564 0.087883 0.128676
29 0.265646 0.313725 0.086551 0.129902
