13 0.324830 0.200581 0.085034 0.226744
13 0.630952 0.531977 0.091837 0.226744
6 0.335034 0.787791 0.085034 0.238372
5 0.739796 0.784884 0.085034 0.232558
6 0.632653 0.194767 0.081633 0.215116
6 0.428571 0.790698 0.081633 0.232558
5 0.845238 0.188953 0.085034 0.215116
6 0.520408 0.784884 0.081633 0.232558
6 0.544218 0.194767 0.074830 0.215116
2 0.448980 0.534884 0.088435 0.220930
8 0.646259 0.784884 0.088435 0.232558
2 0.142857 0.209302 0.088435 0.232558
29 0.234694 0.203488 0.081633 0.220930
6 0.457483 0.197674 0.078231 0.220930
29 0.537415 0.534884 0.081633 0.220930
8 0.753401 0.188953 0.085034 0.215116
